[gd_scene load_steps=4 format=3 uid="uid://dbu37cg78b0um"]

[ext_resource type="PackedScene" uid="uid://yh25koljfqgg" path="res://assets/islands/island_1/island_1_navigation.tscn" id="1_xr0kc"]
[ext_resource type="PackedScene" uid="uid://b5vheik6jvc0c" path="res://assets/prefabs/actor/static_actor.tscn" id="2_lsmqr"]
[ext_resource type="PackedScene" uid="uid://bxs7d824omom1" path="res://assets/prefabs/memory/memory_marker.tscn" id="3_2bloj"]

[node name="Island1Container" type="Node3D"]

[node name="Island1Navigation" parent="." instance=ExtResource("1_xr0kc")]
transform = Transform3D(-0.977366, -0.202503, 0.0612228, -0.0512962, -0.053915, -0.997227, 0.205242, -0.977796, 0.0423071, -301.041, -80.1501, -1453.59)

[node name="Actors" type="Node3D" parent="."]

[node name="Teacher" parent="Actors" instance=ExtResource("2_lsmqr")]
transform = Transform3D(-0.181781, -0.196116, 0.963584, -0.981752, -0.0194499, -0.189167, 0.0558403, -0.980388, -0.189002, -287.969, -19.4223, -1465.58)

[node name="Townfolk1" parent="Actors" node_paths=PackedStringArray("normal_target") instance=ExtResource("2_lsmqr")]
transform = Transform3D(0.41654, -0.183298, -0.890447, 0.907416, 0.0239344, 0.419551, -0.0555904, -0.982766, 0.176297, -278.806, 37.2063, -1479.26)
normal_target = NodePath("../Teacher/CollisionShape3D")

[node name="MemoryAreas" type="Node3D" parent="."]

[node name="MemoryMarker" parent="MemoryAreas" instance=ExtResource("3_2bloj")]
transform = Transform3D(0.85987, -0.183298, 0.476472, -0.480637, 0.0239345, 0.876593, -0.172082, -0.982766, -0.0675193, -276.995, 35.5132, -1478.57)
memory_id = "mm_boat_key_3"
