[gd_scene load_steps=16 format=3 uid="uid://dvui4uofhxiw2"]

[ext_resource type="PackedScene" uid="uid://u0gusgwp4188" path="res://assets/resources/models/islands/island_1/island_1.glb" id="1_26wnf"]
[ext_resource type="Material" uid="uid://ctg4o5euvsbt5" path="res://assets/resources/materials/m_isa_toon.tres" id="2_jtf23"]
[ext_resource type="PackedScene" uid="uid://b8thbgmp6n3ij" path="res://assets/prefabs/sundial_manager/local_sundial_manager.tscn" id="3_me2ys"]
[ext_resource type="PackedScene" uid="uid://sqqaynwi3v82" path="res://assets/resources/models/environment/tree_style_a.tscn" id="3_xr4w2"]
[ext_resource type="PackedScene" uid="uid://dhli2lkq3hjkn" path="res://assets/resources/models/environment/tree_style_b.tscn" id="4_5hwhy"]
[ext_resource type="PackedScene" uid="uid://ub57mlyhmdr5" path="res://assets/resources/models/environment/house.tscn" id="4_434ex"]
[ext_resource type="PackedScene" uid="uid://daehtf5s8dmt0" path="res://assets/resources/models/environment/bush.tscn" id="4_gochq"]
[ext_resource type="PackedScene" uid="uid://ym31rnidvkyt" path="res://assets/prefabs/sundial_manager/island_area.tscn" id="4_udbxw"]
[ext_resource type="PackedScene" uid="uid://dr2gux8ekldcl" path="res://assets/resources/models/environment/bush_c.tscn" id="8_is0i6"]
[ext_resource type="PackedScene" uid="uid://d2iw3qoeay7wg" path="res://assets/resources/models/environment/bush_b.tscn" id="8_mp20m"]
[ext_resource type="PackedScene" uid="uid://ckbdcy4ahstqq" path="res://assets/resources/models/environment/flowers_a.tscn" id="10_jsn01"]
[ext_resource type="PackedScene" uid="uid://d4kjk4sori64h" path="res://assets/resources/models/environment/flowers_b.tscn" id="11_ovf06"]
[ext_resource type="PackedScene" uid="uid://dq4letfysqh8e" path="res://assets/resources/models/environment/message_board.tscn" id="14_4j6ik"]
[ext_resource type="PackedScene" uid="uid://dt0v2yqarhilx" path="res://assets/resources/models/environment/bench.tscn" id="14_8aj15"]

[sub_resource type="SphereShape3D" id="SphereShape3D_i0smh"]
radius = 550.0

[node name="Island1" instance=ExtResource("1_26wnf")]

[node name="Island" parent="." index="0"]
surface_material_override/0 = ExtResource("2_jtf23")

[node name="CollisionShape3D" parent="Island/StaticBody3D" index="0"]
transform = Transform3D(1, 2.07223e-10, -3.63798e-12, -2.54943e-11, 1, 0, -3.63798e-12, -7.45058e-09, 1, 0, 0, 0)

[node name="Environment" type="Node3D" parent="Island" index="1"]
transform = Transform3D(0.999998, 0.00184146, 2.07665e-05, -0.00184146, 0.999744, 0.0225514, 2.07665e-05, -0.0225514, 0.999746, -8.47461, 1.62956, 90.3298)

[node name="SectionA" type="Node3D" parent="Island/Environment" index="0"]

[node name="TreeStyleA" parent="Island/Environment/SectionA" index="0" instance=ExtResource("3_xr4w2")]
transform = Transform3D(0.907166, -0.123272, 0.40231, 0.0579957, 0.983628, 0.170621, -0.416757, -0.131449, 0.899464, -183.203, -18.9331, -193.98)

[node name="TreeStyleB" parent="Island/Environment/SectionA" index="1" instance=ExtResource("4_5hwhy")]
transform = Transform3D(-0.340989, -0.120334, 0.932334, -0.171041, 0.983161, 0.0643383, -0.924376, -0.137529, -0.35583, -180.114, -21.9948, -204.397)

[node name="TreeStyleB2" parent="Island/Environment/SectionA" index="2" instance=ExtResource("4_5hwhy")]
transform = Transform3D(0.160384, -0.120334, -0.979692, 0.155969, 0.983161, -0.0952268, 0.974654, -0.137529, 0.176452, -175.228, -21.7093, -206.631)

[node name="Bush" parent="Island/Environment/SectionA" index="3" instance=ExtResource("4_gochq")]
transform = Transform3D(0.992733, -0.120334, 0.00101896, 0.119032, 0.983161, 0.138658, -0.0176871, -0.137529, 0.99034, -178.605, -21.563, -202.631)

[node name="Bush7" parent="Island/Environment/SectionA" index="4" instance=ExtResource("4_gochq")]
transform = Transform3D(0.992733, -0.120334, 0.00101896, 0.119032, 0.983161, 0.138658, -0.0176871, -0.137529, 0.99034, -177.305, -21.4724, -203.12)

[node name="Bush8" parent="Island/Environment/SectionA" index="5" instance=ExtResource("4_gochq")]
transform = Transform3D(0.992733, -0.120334, 0.00101896, 0.119032, 0.983161, 0.138658, -0.0176871, -0.137529, 0.99034, -175.767, -21.3158, -203.346)

[node name="Bush10" parent="Island/Environment/SectionA" index="6" instance=ExtResource("4_gochq")]
transform = Transform3D(0.992733, -0.120334, 0.00101896, 0.119032, 0.983161, 0.138658, -0.0176871, -0.137529, 0.99034, -176.469, -21.2147, -202.009)

[node name="Bush11" parent="Island/Environment/SectionA" index="7" instance=ExtResource("4_gochq")]
transform = Transform3D(0.992371, -0.123272, 0.00175986, 0.121951, 0.983629, 0.132676, -0.0180864, -0.131449, 0.991158, -181.475, -18.8086, -194.668)

[node name="Bush12" parent="Island/Environment/SectionA" index="8" instance=ExtResource("4_gochq")]
transform = Transform3D(0.992371, -0.123272, 0.00175987, 0.121951, 0.983629, 0.132676, -0.0180864, -0.131449, 0.991158, -181.225, -18.5967, -193.318)

[node name="Bush13" parent="Island/Environment/SectionA" index="9" instance=ExtResource("4_gochq")]
transform = Transform3D(0.992371, -0.123272, 0.00175987, 0.121951, 0.983629, 0.132676, -0.0180864, -0.131449, 0.991158, -181.926, -19.0187, -195.818)

[node name="Bush14" parent="Island/Environment/SectionA" index="10" instance=ExtResource("4_gochq")]
transform = Transform3D(0.992371, -0.123272, 0.00175988, 0.121951, 0.983629, 0.132676, -0.0180864, -0.131449, 0.991158, -180.502, -18.8559, -195.934)

[node name="Bush15" parent="Island/Environment/SectionA" index="11" instance=ExtResource("4_gochq")]
transform = Transform3D(0.992371, -0.123272, 0.00175988, 0.121951, 0.983629, 0.132676, -0.0180864, -0.131449, 0.991158, -181.527, -19.1532, -197.198)

[node name="Bush16" parent="Island/Environment/SectionA" index="12" instance=ExtResource("4_gochq")]
transform = Transform3D(0.992371, -0.123272, 0.00175988, 0.121951, 0.983629, 0.132676, -0.0180864, -0.131449, 0.991158, -183.724, -19.2665, -195.986)

[node name="Bush17" parent="Island/Environment/SectionA" index="13" instance=ExtResource("4_gochq")]
transform = Transform3D(0.993095, -0.1173, 0.00178788, 0.116032, 0.984375, 0.132447, -0.017296, -0.131325, 0.991189, -176.66, -22.6913, -197.788)

[node name="Bush18" parent="Island/Environment/SectionA" index="14" instance=ExtResource("4_gochq")]
transform = Transform3D(0.993095, -0.1173, 0.00178784, 0.116032, 0.984375, 0.132447, -0.0172959, -0.131325, 0.991189, -176.833, -22.5638, -196.678)

[node name="Bush19" parent="Island/Environment/SectionA" index="15" instance=ExtResource("4_gochq")]
transform = Transform3D(0.993095, -0.1173, 0.00178784, 0.116032, 0.984375, 0.132447, -0.0172959, -0.131325, 0.991189, -175.308, -22.6545, -198.72)

[node name="Bush20" parent="Island/Environment/SectionA" index="16" instance=ExtResource("4_gochq")]
transform = Transform3D(0.993662, -0.112401, 0.00103477, 0.111169, 0.984049, 0.138882, -0.0166287, -0.137887, 0.990308, -170.09, -23.1125, -206.49)

[node name="Bush21" parent="Island/Environment/SectionA" index="17" instance=ExtResource("4_gochq")]
transform = Transform3D(0.993662, -0.112401, 0.00103482, 0.111169, 0.984049, 0.138882, -0.0166287, -0.137887, 0.990308, -170.429, -22.9748, -205.231)

[node name="Bush22" parent="Island/Environment/SectionA" index="18" instance=ExtResource("4_gochq")]
transform = Transform3D(0.993611, -0.112854, 0.00100499, 0.111617, 0.983962, 0.139143, -0.0166916, -0.138141, 0.990272, -168.77, -23.0309, -206.984)

[node name="Bush26" parent="Island/Environment/SectionA" index="19" instance=ExtResource("4_gochq")]
transform = Transform3D(0.993662, -0.112401, 0.00103482, 0.111169, 0.984049, 0.138882, -0.0166287, -0.137887, 0.990308, -168.639, -23.2027, -208.316)

[node name="Bush27" parent="Island/Environment/SectionA" index="20" instance=ExtResource("4_gochq")]
transform = Transform3D(0.993662, -0.112401, 0.00103482, 0.111169, 0.984049, 0.138882, -0.0166287, -0.137887, 0.990308, -170.089, -23.2964, -207.803)

[node name="Bush23" parent="Island/Environment/SectionA" index="21" instance=ExtResource("4_gochq")]
transform = Transform3D(0.993611, -0.112854, 0.00100499, 0.111617, 0.983962, 0.139143, -0.0166916, -0.138141, 0.990272, -168.892, -22.8386, -205.515)

[node name="Bush24" parent="Island/Environment/SectionA" index="22" instance=ExtResource("4_gochq")]
transform = Transform3D(0.993611, -0.112854, 0.00100499, 0.111617, 0.983962, 0.139143, -0.0166916, -0.138141, 0.990272, -167.35, -22.9757, -207.75)

[node name="Bush25" parent="Island/Environment/SectionA" index="23" instance=ExtResource("4_gochq")]
transform = Transform3D(0.993611, -0.112854, 0.00100499, 0.111617, 0.983962, 0.139143, -0.0166916, -0.138141, 0.990272, -167.054, -23.113, -208.97)

[node name="Bush9" parent="Island/Environment/SectionA" index="24" instance=ExtResource("4_gochq")]
transform = Transform3D(0.992733, -0.120334, 0.00101896, 0.119032, 0.983161, 0.138658, -0.0176871, -0.137529, 0.99034, -174.492, -21.2133, -203.728)

[node name="Bush2" parent="Island/Environment/SectionA" index="25" instance=ExtResource("4_gochq")]
transform = Transform3D(0.992733, -0.120334, 0.00101896, 0.119032, 0.983161, 0.138658, -0.0176871, -0.137529, 0.99034, -177.775, -21.6382, -203.894)

[node name="Bush3" parent="Island/Environment/SectionA" index="26" instance=ExtResource("4_gochq")]
transform = Transform3D(0.992733, -0.120334, 0.00101896, 0.119032, 0.983161, 0.138658, -0.0176871, -0.137529, 0.99034, -176.685, -21.5874, -204.485)

[node name="Bush4" parent="Island/Environment/SectionA" index="27" instance=ExtResource("4_gochq")]
transform = Transform3D(0.992733, -0.120334, 0.00101896, 0.119032, 0.983161, 0.138658, -0.0176871, -0.137529, 0.99034, -175.46, -21.4408, -204.508)

[node name="Bush5" parent="Island/Environment/SectionA" index="28" instance=ExtResource("4_gochq")]
transform = Transform3D(0.992733, -0.120334, 0.00101896, 0.119032, 0.983161, 0.138658, -0.0176871, -0.137529, 0.99034, -174.309, -21.3876, -205.135)

[node name="Bush6" parent="Island/Environment/SectionA" index="29" instance=ExtResource("4_gochq")]
transform = Transform3D(0.992788, -0.119879, 0.000987766, 0.11858, 0.983179, 0.138913, -0.0176239, -0.137794, 0.990304, -173.627, -21.4884, -206.448)

[node name="SectionB" type="Node3D" parent="Island/Environment" index="1"]
transform = Transform3D(0.998031, -0.0626478, -0.00311679, 0.0626478, 0.993098, 0.0991586, -0.00311679, -0.0991586, 0.995067, -93.6198, -8.43857, -150.531)

[node name="TreeStyleB" parent="Island/Environment/SectionB" index="0" instance=ExtResource("4_5hwhy")]
transform = Transform3D(0.999987, 0.00503296, -1.87242e-05, -0.00503296, 0.99996, -0.00742884, -1.86635e-05, 0.00742887, 0.999972, 9.01678, 1.93537, 13.7668)

[node name="TreeStyleB2" parent="Island/Environment/SectionB" index="1" instance=ExtResource("4_5hwhy")]
transform = Transform3D(-0.422832, 0.0149569, 0.906085, -0.00838096, 0.999757, -0.0204142, -0.906169, -0.0162257, -0.422604, 19.8289, 11.668, -21.6016)

[node name="TreeStyleA" parent="Island/Environment/SectionB" index="2" instance=ExtResource("3_xr4w2")]
transform = Transform3D(-0.94039, 0.00948762, -0.339966, 0.0160823, 0.999733, -0.0165856, 0.339718, -0.0210644, -0.940291, 4.14772, -2.18096, -22.6199)

[node name="TreeStyleA2" parent="Island/Environment/SectionB" index="3" instance=ExtResource("3_xr4w2")]
transform = Transform3D(-0.944812, -0.00340903, 0.327595, -0.00318861, 0.999994, 0.00120991, -0.327597, 9.86233e-05, -0.944818, -6.41802, -0.0190773, 5.59247)

[node name="BushC" parent="Island/Environment/SectionB" index="4" instance=ExtResource("8_is0i6")]
transform = Transform3D(0.999984, 0.00571121, 7.70623e-06, -0.00571116, 0.999967, 0.00577269, 2.52628e-05, -0.00577261, 0.999983, 12.7611, -0.0539961, -5.2706)

[node name="BushC2" parent="Island/Environment/SectionB" index="5" instance=ExtResource("8_is0i6")]
transform = Transform3D(0.999964, 0.00847933, 1.90812e-05, -0.00847923, 0.999937, 0.00736549, 4.33745e-05, -0.00736539, 0.999973, 12.7487, -0.072197, -8.26259)

[node name="BushC3" parent="Island/Environment/SectionB" index="6" instance=ExtResource("8_is0i6")]
transform = Transform3D(0.861203, 0.00571119, -0.508229, -0.00198456, 0.999967, 0.00787421, 0.508257, -0.00577266, 0.861186, 10.4978, -0.0698395, -10.2542)

[node name="BushC4" parent="Island/Environment/SectionB" index="7" instance=ExtResource("8_is0i6")]
transform = Transform3D(0.862606, 0.0126397, -0.505719, -0.00988875, 0.999918, 0.00812422, 0.505781, -0.00200709, 0.86266, 17.0393, -0.0825691, -0.40921)

[node name="BushC5" parent="Island/Environment/SectionB" index="8" instance=ExtResource("8_is0i6")]
transform = Transform3D(0.532322, 0.00977563, -0.846486, -0.00490052, 0.999952, 0.00846618, 0.846528, -0.0003585, 0.532344, 17.103, -0.0816059, 3.58147)

[node name="BushC6" parent="Island/Environment/SectionB" index="9" instance=ExtResource("8_is0i6")]
transform = Transform3D(0.134835, 0.00977704, -0.99082, -0.000493951, 0.999952, 0.00979993, 0.990868, -0.000831947, 0.134834, 13.5366, -0.046073, 4.92767)

[node name="BushC7" parent="Island/Environment/SectionB" index="10" instance=ExtResource("8_is0i6")]
transform = Transform3D(0.416583, 0.0097756, -0.909045, -0.00374657, 0.999952, 0.00903627, 0.90909, -0.000358544, 0.416599, 13.0134, -0.0424786, 1.1974)

[node name="BushC8" parent="Island/Environment/SectionB" index="11" instance=ExtResource("8_is0i6")]
transform = Transform3D(0.276274, 0.00950662, -0.961032, 0.017609, 0.999733, 0.0149516, 0.960918, -0.0210535, 0.276033, 11.9508, -2.29387, -24.4586)

[node name="BushC11" parent="Island/Environment/SectionB" index="12" instance=ExtResource("8_is0i6")]
transform = Transform3D(-0.889622, -0.00760117, -0.456634, -0.00369791, 0.999949, -0.00944089, 0.456683, -0.0067102, -0.889604, -10.9163, -1.06617, -4.35406)

[node name="BushC9" parent="Island/Environment/SectionB" index="13" instance=ExtResource("8_is0i6")]
transform = Transform3D(0.00720191, 0.00950662, -0.999929, 0.0209855, 0.999733, 0.0096559, 0.999754, -0.0210535, 0.00700048, 9.97456, -2.35042, -28.0362)

[node name="BushC10" parent="Island/Environment/SectionB" index="14" instance=ExtResource("8_is0i6")]
transform = Transform3D(-0.897245, 0.00948763, -0.441432, 0.0178105, 0.999733, -0.0147142, 0.441174, -0.0210643, -0.897174, 6.37576, -2.30062, -27.2955)

[node name="BushB" parent="Island/Environment/SectionB" index="15" instance=ExtResource("8_mp20m")]
transform = Transform3D(0.997752, -0.00340183, 0.0669221, 0.00330746, 0.999993, 0.00152065, -0.0669268, -0.00129588, 0.997757, -2.38266, -0.00539684, 4.48848)

[node name="BushB4" parent="Island/Environment/SectionB" index="16" instance=ExtResource("8_mp20m")]
transform = Transform3D(-0.85072, -0.00759894, -0.525564, -0.00273241, 0.999946, -0.010035, 0.525612, -0.00710085, -0.850694, -9.21283, -1.05703, -4.8909)

[node name="BushB5" parent="Island/Environment/SectionB" index="17" instance=ExtResource("8_mp20m")]
transform = Transform3D(0.519778, -0.00987482, 0.854244, 0.000185356, 0.999935, 0.0114462, -0.854301, -0.00579112, 0.519746, -7.03822, -1.06249, -8.4023)

[node name="BushB3" parent="Island/Environment/SectionB" index="18" instance=ExtResource("8_mp20m")]
transform = Transform3D(0.878633, 0.00948764, -0.477404, 0.00172243, 0.999733, 0.0230381, 0.477495, -0.0210644, 0.878382, 4.22321, -2.21887, -24.3854)

[node name="BushB2" parent="Island/Environment/SectionB" index="19" instance=ExtResource("8_mp20m")]
transform = Transform3D(-0.43341, -0.0034018, 0.901191, -0.00264224, 0.999993, 0.00250404, -0.901193, -0.00129589, -0.433416, -9.48895, -0.0322485, 2.42154)

[node name="SectionC" type="Node3D" parent="Island/Environment" index="2"]
transform = Transform3D(0.99838, 0.0567592, 0.00386777, -0.0567592, 0.989144, 0.135548, 0.00386781, -0.135548, 0.990763, 83.3513, -15.8408, -200.74)

[node name="TreeStyleA" parent="Island/Environment/SectionC" index="0" instance=ExtResource("3_xr4w2")]
transform = Transform3D(-0.545437, -0.0189064, -0.837939, 0.00549766, 0.999644, -0.0261335, 0.838134, -0.0188609, -0.545138, -27.4215, -0.527044, -28.7597)

[node name="TreeStyleB" parent="Island/Environment/SectionC" index="1" instance=ExtResource("4_5hwhy")]
transform = Transform3D(0.939292, -0.00922313, 0.342994, 0.00253201, 0.999798, 0.0199506, -0.343109, -0.0178711, 0.939126, -11.8473, -0.309427, -29.4501)

[node name="TreeStyleB2" parent="Island/Environment/SectionC" index="2" instance=ExtResource("4_5hwhy")]
transform = Transform3D(0.0168398, -0.0036596, -0.999851, 0.0115307, 0.999928, -0.00346566, 0.999792, -0.0114706, 0.0168808, -4.98765, -0.0863762, -16.8806)

[node name="BushC" parent="Island/Environment/SectionC" index="3" instance=ExtResource("8_is0i6")]
transform = Transform3D(0.920772, -0.0187239, 0.389652, 0.00992938, 0.999649, 0.0245721, -0.389975, -0.0187563, 0.920634, -24.2872, -0.491205, -29.9884)

[node name="BushC2" parent="Island/Environment/SectionC" index="4" instance=ExtResource("8_is0i6")]
transform = Transform3D(0.920891, -0.00922313, 0.389711, 0.00152737, 0.999798, 0.0200526, -0.389817, -0.0178711, 0.920719, -15.3076, -0.337667, -29.2449)

[node name="BushC3" parent="Island/Environment/SectionC" index="5" instance=ExtResource("8_is0i6")]
transform = Transform3D(0.999821, -0.0187239, 0.00255045, 0.0186726, 0.999649, 0.0188073, -0.0029017, -0.0187563, 0.99982, -27.0718, -0.461089, -25.6035)

[node name="BushB" parent="Island/Environment/SectionC" index="6" instance=ExtResource("8_mp20m")]
transform = Transform3D(-0.560778, -0.0182461, 0.827765, -0.0259861, 0.999653, 0.00443041, -0.827559, -0.0190259, -0.561057, -21.0423, -0.442141, -30.575)

[node name="BushB2" parent="Island/Environment/SectionC" index="7" instance=ExtResource("8_mp20m")]
transform = Transform3D(0.0338884, -0.00885675, 0.999386, -0.0177683, 0.999798, 0.0094629, -0.999268, -0.0180781, 0.0337242, -9.67058, -0.265774, -28.1094)

[node name="BushB3" parent="Island/Environment/SectionC" index="8" instance=ExtResource("8_mp20m")]
transform = Transform3D(-0.70158, -0.00371651, 0.712581, -0.0107582, 0.999928, -0.00537691, -0.71251, -0.0114384, -0.701569, -5.48036, -0.131369, -20.6506)

[node name="BushB4" parent="Island/Environment/SectionC" index="9" instance=ExtResource("8_mp20m")]
transform = Transform3D(0.975002, -0.00365212, -0.222167, 0.00574852, 0.999945, 0.00879024, 0.222123, -0.00984763, 0.974969, -4.42209, -0.0570583, -14.436)

[node name="SectionGarden" type="Node3D" parent="Island/Environment" index="3"]
transform = Transform3D(0.999996, 0.0029257, -3.98747e-05, -0.0029257, 0.999624, -0.027253, -3.98747e-05, 0.027253, 0.999629, 4.26846, -1.02065, 46.4489)

[node name="TreeStyleA" parent="Island/Environment/SectionGarden" index="0" instance=ExtResource("3_xr4w2")]
transform = Transform3D(0.150636, -0.00620409, -0.98857, 0.00105022, 0.999981, -0.00611568, 0.988589, -0.000116972, 0.15064, -12.7105, -0.0515137, -0.669029)

[node name="TreeStyleA2" parent="Island/Environment/SectionGarden" index="1" instance=ExtResource("3_xr4w2")]
transform = Transform3D(0.996207, 0.00298638, 0.0869665, -0.00284485, 0.999994, -0.00175114, -0.0869713, 0.00149709, 0.99621, 6.23433, -0.0345234, 10.3619)

[node name="TreeStyleB" parent="Island/Environment/SectionGarden" index="2" instance=ExtResource("4_5hwhy")]
transform = Transform3D(0.532215, -0.00320346, 0.846603, 0.004861, 0.999988, 0.000728003, -0.846595, 0.00372789, 0.532224, -6.53395, -0.0394619, 9.78104)

[node name="TreeStyleB2" parent="Island/Environment/SectionGarden" index="3" instance=ExtResource("4_5hwhy")]
transform = Transform3D(-0.992262, 0.00627857, 0.124008, 0.0060806, 0.99998, -0.00197476, -0.124018, -0.00120543, -0.992279, 14.0806, -0.0531837, -0.0118637)

[node name="BushB" parent="Island/Environment/SectionGarden" index="4" instance=ExtResource("8_mp20m")]
transform = Transform3D(0.999995, -0.00320346, -0.000524231, 0.00320148, 0.999988, -0.00372961, 0.00053617, 0.00372791, 0.999993, -6.15736, -0.0300615, 7.57741)

[node name="BushB2" parent="Island/Environment/SectionGarden" index="5" instance=ExtResource("8_mp20m")]
transform = Transform3D(0.38347, -0.00320347, -0.923548, -0.0022145, 0.999988, -0.0043881, 0.923551, 0.00372791, 0.383459, -4.47878, -0.0322095, 9.59858)

[node name="BushB3" parent="Island/Environment/SectionGarden" index="6" instance=ExtResource("8_mp20m")]
transform = Transform3D(-0.752999, -0.00620408, -0.657992, -0.00459478, 0.999981, -0.00417039, 0.658005, -0.00011695, -0.753013, -11.6875, -0.0450078, 0.832062)

[node name="BushB4" parent="Island/Environment/SectionGarden" index="7" instance=ExtResource("8_mp20m")]
transform = Transform3D(0.435504, -0.00620409, -0.900165, 0.00280725, 0.999981, -0.00553387, 0.900182, -0.00011695, 0.435513, -11.6622, -0.0451941, -2.09214)

[node name="BushB5" parent="Island/Environment/SectionGarden" index="8" instance=ExtResource("8_mp20m")]
transform = Transform3D(-0.302076, -0.00606324, 0.953265, 0.000148531, 0.999979, 0.00640743, -0.953284, 0.00207714, -0.302068, -8.16149, -0.027112, 3.2665)

[node name="BushB6" parent="Island/Environment/SectionGarden" index="9" instance=ExtResource("8_mp20m")]
transform = Transform3D(0.87368, 0.00281184, 0.486493, -0.000707419, 0.99999, -0.00450928, -0.486501, 0.00359549, 0.873673, 5.03655, -0.0291474, 9.53141)

[node name="BushB8" parent="Island/Environment/SectionGarden" index="10" instance=ExtResource("8_mp20m")]
transform = Transform3D(0.989145, -0.00320347, 0.146909, 0.00371637, 0.999988, -0.00321685, -0.146897, 0.00372791, 0.989145, -0.686099, -0.0210217, 9.85472)

[node name="BushB9" parent="Island/Environment/SectionGarden" index="11" instance=ExtResource("8_mp20m")]
transform = Transform3D(0.998991, 0.00284664, 0.044825, -0.0026874, 0.99999, -0.00361156, -0.0448348, 0.00348742, 0.998989, 1.83769, -0.0174627, 8.93754)

[node name="BushB10" parent="Island/Environment/SectionGarden" index="12" instance=ExtResource("8_mp20m")]
transform = Transform3D(0.842121, -0.00320348, -0.539279, 0.000687347, 0.999988, -0.00486692, 0.539288, 0.00372789, 0.842113, -1.76429, -0.0147967, 7.25858)

[node name="BushB11" parent="Island/Environment/SectionGarden" index="13" instance=ExtResource("8_mp20m")]
transform = Transform3D(0.842121, -0.00320348, -0.539279, 0.000687347, 0.999988, -0.00486692, 0.539288, 0.00372789, 0.842113, -4.7971, -0.0180832, 5.53269)

[node name="BushB12" parent="Island/Environment/SectionGarden" index="14" instance=ExtResource("8_mp20m")]
transform = Transform3D(0.842122, 0.00298643, -0.539279, -0.00443682, 0.999989, -0.00139062, 0.539269, 0.00356378, 0.842126, 3.61004, -0.0193285, 7.9796)

[node name="BushB13" parent="Island/Environment/SectionGarden" index="15" instance=ExtResource("8_mp20m")]
transform = Transform3D(0.385057, 0.0075771, -0.922862, -0.00263389, 0.999971, 0.00711125, 0.922889, -0.000307497, 0.385066, 11.4469, -0.0355214, 1.26638)

[node name="BushB15" parent="Island/Environment/SectionGarden" index="16" instance=ExtResource("8_mp20m")]
transform = Transform3D(0.840222, 0.00627857, 0.542206, -0.00521186, 0.99998, -0.00350295, -0.542218, 0.00011733, 0.840238, 11.0235, -0.0330777, 3.23385)

[node name="BushB16" parent="Island/Environment/SectionGarden" index="17" instance=ExtResource("8_mp20m")]
transform = Transform3D(0.287916, 0.00555974, -0.957639, -0.00469157, 0.999979, 0.004395, 0.957644, 0.00322746, 0.287937, 9.08542, -0.0347737, 7.71971)

[node name="BushB14" parent="Island/Environment/SectionGarden" index="18" instance=ExtResource("8_mp20m")]
transform = Transform3D(0.964879, 0.00717075, 0.262599, -0.00737092, 0.999973, -0.000222821, -0.262593, -0.0017206, 0.964905, 14.5696, -0.0587834, -2.01547)

[node name="BushB7" parent="Island/Environment/SectionGarden" index="19" instance=ExtResource("8_mp20m")]
transform = Transform3D(-0.698422, 0.00298642, 0.71568, 0.00463629, 0.999989, 0.000351744, -0.715672, 0.00356377, -0.698428, 7.34262, -0.0322325, 8.47459)

[node name="FlowersB" parent="Island/Environment/SectionGarden" index="20" instance=ExtResource("11_ovf06")]
transform = Transform3D(0.999995, 0.00298643, -5.32677e-06, -0.00298643, 0.999989, -0.00356375, -5.31615e-06, 0.00356375, 0.999994, 6.2992, -0.021749, 6.41047)

[node name="FlowersB4" parent="Island/Environment/SectionGarden" index="21" instance=ExtResource("11_ovf06")]
transform = Transform3D(0.956338, -0.000607372, -0.292261, 0.000145609, 0.999999, -0.00160172, 0.292262, 0.00148923, 0.956337, 3.50757, -0.00645912, 4.02689)

[node name="FlowersB5" parent="Island/Environment/SectionGarden" index="22" instance=ExtResource("11_ovf06")]
transform = Transform3D(0.639282, 0.00627856, 0.768947, -0.00494079, 0.99998, -0.00405733, -0.768957, -0.00120543, 0.6393, 8.87685, -0.0196321, 0.711849)

[node name="FlowersB6" parent="Island/Environment/SectionGarden" index="23" instance=ExtResource("11_ovf06")]
transform = Transform3D(0.743595, -0.00620394, -0.668601, 0.00344182, 0.999979, -0.00545091, 0.668621, 0.00175207, 0.743601, -6.91371, -0.017051, 1.93711)

[node name="FlowersB3" parent="Island/Environment/SectionGarden" index="24" instance=ExtResource("11_ovf06")]
transform = Transform3D(0.920953, 0.000721972, -0.389673, -0.00123429, 0.999999, -0.00106435, 0.389672, 0.00146119, 0.920953, 0.410104, -0.0103568, 5.5993)

[node name="FlowersA" parent="Island/Environment/SectionGarden" index="25" instance=ExtResource("10_jsn01")]
transform = Transform3D(0.851033, 0.00627856, 0.525075, -0.00597633, 0.99998, -0.00227088, -0.525078, -0.00120542, 0.851053, 9.17523, -0.0248462, -2.05793)

[node name="FlowersA2" parent="Island/Environment/SectionGarden" index="26" instance=ExtResource("10_jsn01")]
transform = Transform3D(0.999995, -0.00320346, 1.63806e-06, 0.00320345, 0.999988, -0.0037279, 1.03041e-05, 0.00372789, 0.999993, -4.6256, -0.00199497, 1.37084)

[node name="FlowersA4" parent="Island/Environment/SectionGarden" index="27" instance=ExtResource("10_jsn01")]
transform = Transform3D(0.693301, 0.000721974, 0.720648, 0.000552461, 0.999999, -0.00153333, -0.720648, 0.00146119, 0.693299, -2.46104, -0.00509453, 3.41619)

[node name="FlowersA3" parent="Island/Environment/SectionGarden" index="28" instance=ExtResource("10_jsn01")]
transform = Transform3D(0.999995, 0.00298643, -2.77815e-06, -0.00298642, 0.999989, -0.00356376, -7.86479e-06, 0.00356375, 0.999994, 6.66778, -0.0144436, 4.05083)

[node name="SectionMCHouse" type="Node3D" parent="Island/Environment" index="4"]

[node name="House" parent="Island/Environment/SectionMCHouse" index="0" instance=ExtResource("4_434ex")]
transform = Transform3D(0.859965, -0.000442907, -0.510354, -0.00606841, 0.99992, -0.0110933, 0.510318, 0.0126369, 0.859893, -2.1808, 9.55512, 21.5329)

[node name="TreeStyleA" parent="Island/Environment/SectionMCHouse" index="1" instance=ExtResource("3_xr4w2")]
transform = Transform3D(0.561422, -0.00923567, -0.827478, -0.0100797, 0.999787, -0.0179977, 0.827468, 0.018445, 0.56121, -10.9397, 9.5716, 17.5663)

[node name="TreeStyleA2" parent="Island/Environment/SectionMCHouse" index="2" instance=ExtResource("3_xr4w2")]
transform = Transform3D(0.573639, -0.0189251, 0.81889, 0.00927646, 0.999819, 0.0166083, -0.819056, -0.00193077, 0.573711, -12.5262, 9.72601, -0.676529)

[node name="TreeStyleB" parent="Island/Environment/SectionMCHouse" index="3" instance=ExtResource("4_5hwhy")]
transform = Transform3D(-0.222769, 0.00488804, -0.974859, -0.0189497, 0.999777, 0.00934325, 0.974687, 0.0205547, -0.222626, 6.95366, 9.42644, 27.3014)

[node name="FlowersB" parent="Island/Environment/SectionMCHouse" index="4" instance=ExtResource("11_ovf06")]
transform = Transform3D(0.999953, 0.0096904, -5.01695e-05, -0.00968963, 0.999776, -0.0187944, -0.000131967, 0.018794, 0.999823, 6.56812, 9.62851, 16.8907)

[node name="FlowersB2" parent="Island/Environment/SectionMCHouse" index="5" instance=ExtResource("11_ovf06")]
transform = Transform3D(0.816055, -0.00788131, -0.577921, -0.00328575, 0.999828, -0.0182747, 0.577965, 0.016812, 0.815888, -1.85063, 9.75871, 11.27)

[node name="FlowersB3" parent="Island/Environment/SectionMCHouse" index="6" instance=ExtResource("11_ovf06")]
transform = Transform3D(0.755301, -0.000234676, 0.655378, -0.0012199, 0.999998, 0.00176397, -0.655376, -0.00213182, 0.755299, -0.06534, 9.87415, 5.00538)

[node name="FlowersB4" parent="Island/Environment/SectionMCHouse" index="7" instance=ExtResource("11_ovf06")]
transform = Transform3D(0.461963, 0.00747933, 0.886867, 0.0115106, 0.99983, -0.0144278, -0.886824, 0.0168735, 0.461798, 6.62119, 9.74445, 10.0512)

[node name="FlowersB5" parent="Island/Environment/SectionMCHouse" index="8" instance=ExtResource("11_ovf06")]
transform = Transform3D(0.753657, 0.0161532, 0.65707, -0.00537461, 0.999816, -0.0184146, -0.657246, 0.0103468, 0.753605, 15.0495, 9.60639, 12.1351)

[node name="FlowersB6" parent="Island/Environment/SectionMCHouse" index="9" instance=ExtResource("11_ovf06")]
transform = Transform3D(0.499434, 0.0190654, -0.866142, -0.00769116, 0.999816, 0.0175729, 0.866318, -0.00211489, 0.499489, 6.49757, 9.8489, 2.65097)

[node name="FlowersA" parent="Island/Environment/SectionMCHouse" index="10" instance=ExtResource("10_jsn01")]
transform = Transform3D(0.54953, 0.00747229, -0.835441, -0.0165953, 0.99986, -0.00197306, 0.835309, 0.0149487, 0.549577, 3.45097, 9.71702, 13.2118)

[node name="FlowersA2" parent="Island/Environment/SectionMCHouse" index="11" instance=ExtResource("10_jsn01")]
transform = Transform3D(0.541984, 0.0123824, 0.840297, 0.00989401, 0.999728, -0.0211133, -0.84033, 0.019757, 0.541715, 0.646064, 9.81002, 9.11294)

[node name="FlowersA3" parent="Island/Environment/SectionMCHouse" index="12" instance=ExtResource("10_jsn01")]
transform = Transform3D(0.693901, 0.0161446, 0.719889, -0.00503069, 0.999833, -0.0175736, -0.720053, 0.00857281, 0.693866, 10.4626, 9.68351, 11.8054)

[node name="FlowersA4" parent="Island/Environment/SectionMCHouse" index="13" instance=ExtResource("10_jsn01")]
transform = Transform3D(0.716082, 0.0157157, 0.697839, -0.00275179, 0.999802, -0.0196923, -0.698011, 0.012181, 0.715984, 9.31742, 9.76438, 6.74278)

[node name="FlowersA5" parent="Island/Environment/SectionMCHouse" index="14" instance=ExtResource("10_jsn01")]
transform = Transform3D(0.289695, 0.0123824, -0.957039, -0.0224978, 0.999728, 0.00612464, 0.956854, 0.019757, 0.289895, 3.17265, 9.83925, 6.04986)

[node name="BushC" parent="Island/Environment/SectionMCHouse" index="15" instance=ExtResource("8_is0i6")]
transform = Transform3D(0.501355, 0.00488804, -0.865228, -0.0202351, 0.999777, -0.00607704, 0.865005, 0.0205547, 0.501342, 7.2972, 9.47203, 25.0019)

[node name="BushC2" parent="Island/Environment/SectionMCHouse" index="16" instance=ExtResource("8_is0i6")]
transform = Transform3D(0.582189, 0.00488804, -0.813039, -0.0195574, 0.999777, -0.00799363, 0.812818, 0.0205547, 0.582154, 6.62145, 9.39478, 28.9203)

[node name="BushC3" parent="Island/Environment/SectionMCHouse" index="17" instance=ExtResource("8_is0i6")]
transform = Transform3D(0.317863, 0.0187669, -0.947951, -0.00444585, 0.999823, 0.0183031, 0.948126, -0.00160342, 0.31789, 21.1853, 9.56942, 1.89381)

[node name="BushC4" parent="Island/Environment/SectionMCHouse" index="18" instance=ExtResource("8_is0i6")]
transform = Transform3D(0.902444, 0.0187669, -0.430399, -0.0162487, 0.999823, 0.00952617, 0.430501, -0.00160342, 0.902588, 21.2594, 9.56177, -2.01336)

[node name="TreeStyleB2" parent="Island/Environment/SectionMCHouse" index="19" instance=ExtResource("4_5hwhy")]
transform = Transform3D(0.382016, 0.0187669, -0.923965, -0.00568849, 0.999823, 0.0179558, 0.924138, -0.00160342, 0.382055, 21.6308, 9.55707, -0.592806)

[node name="BushC5" parent="Island/Environment/SectionMCHouse" index="20" instance=ExtResource("8_is0i6")]
transform = Transform3D(0.988226, -0.0189251, -0.151824, 0.0189989, 0.999819, -0.000965063, 0.151814, -0.00193077, 0.988407, -11.9627, 9.74148, 1.80803)

[node name="BushC7" parent="Island/Environment/SectionMCHouse" index="21" instance=ExtResource("8_is0i6")]
transform = Transform3D(0.940342, -0.00923567, 0.340106, 0.0149574, 0.999787, -0.0142054, -0.339902, 0.018445, 0.94028, -11.6194, 9.59988, 15.6929)

[node name="BushC6" parent="Island/Environment/SectionMCHouse" index="22" instance=ExtResource("8_is0i6")]
transform = Transform3D(0.125176, -0.0189251, 0.991954, 0.000453457, 0.999819, 0.019018, -0.992134, -0.00193077, 0.125161, -11.4674, 9.74264, -2.44281)

[node name="BushB" parent="Island/Environment/SectionMCHouse" index="23" instance=ExtResource("8_mp20m")]
transform = Transform3D(0.32075, -0.00923567, 0.947119, 0.0204331, 0.999787, 0.00282942, -0.946943, 0.018445, 0.32087, -8.57417, 9.58536, 18.0045)

[node name="SectionPlaza" type="Node3D" parent="Island/Environment" index="5"]
transform = Transform3D(0.999964, -0.00854198, -0.000145631, 0.00854198, 0.999382, 0.0340879, -0.000145637, -0.0340879, 0.999419, -13.9327, 4.46705, -61.665)

[node name="FlowersA" parent="Island/Environment/SectionPlaza" index="0" instance=ExtResource("10_jsn01")]
transform = Transform3D(0.999967, 0.00808186, -1.96418e-05, -0.00808187, 0.999956, -0.00484787, -1.9539e-05, 0.00484787, 0.999988, 12.6421, -0.0529404, 3.10937)

[node name="FlowersA2" parent="Island/Environment/SectionPlaza" index="1" instance=ExtResource("10_jsn01")]
transform = Transform3D(0.574459, 0.00876289, 0.818486, -0.00074346, 0.999948, -0.0101839, -0.818533, 0.00524171, 0.574436, 13.1751, -0.0801463, 7.48584)

[node name="FlowersA3" parent="Island/Environment/SectionPlaza" index="2" instance=ExtResource("10_jsn01")]
transform = Transform3D(0.816578, 0.00876298, -0.577168, -0.00654077, 0.999961, 0.00592821, 0.577197, -0.00106573, 0.816604, 12.8073, -0.0926332, 12.0273)

[node name="FlowersA4" parent="Island/Environment/SectionPlaza" index="3" instance=ExtResource("10_jsn01")]
transform = Transform3D(0.999962, 0.00876289, -2.3938e-05, -0.00876289, 0.999948, -0.0052417, -2.19957e-05, 0.00524171, 0.999986, 16.7144, -0.125888, 10.2947)

[node name="FlowersB5" parent="Island/Environment/SectionPlaza" index="4" instance=ExtResource("11_ovf06")]
transform = Transform3D(-0.115024, 0.00876289, -0.993324, -0.00419915, 0.999948, 0.00930757, 0.993354, 0.00524171, -0.114981, 13.8839, -0.0970564, 9.52608)

[node name="FlowersB2" parent="Island/Environment/SectionPlaza" index="5" instance=ExtResource("11_ovf06")]
transform = Transform3D(0.507966, 0.00351125, -0.86137, -0.00865826, 0.999962, -0.00102974, 0.861333, 0.00798104, 0.507977, 12.6012, -0.103451, 14.6116)

[node name="FlowersB3" parent="Island/Environment/SectionPlaza" index="6" instance=ExtResource("11_ovf06")]
transform = Transform3D(0.895905, 0.00876289, 0.44416, -0.00552257, 0.999948, -0.00858865, -0.444212, 0.00524171, 0.895906, 12.6317, -0.06394, 5.30231)

[node name="FlowersB4" parent="Island/Environment/SectionPlaza" index="7" instance=ExtResource("11_ovf06")]
transform = Transform3D(0.999984, 0.00563109, 1.28048e-05, -0.0056311, 0.999984, -2.3935e-05, -1.29395e-05, 2.38717e-05, 1, 12.4883, -0.0491161, 0.742294)

[node name="TreeStyleA" parent="Island/Environment/SectionPlaza" index="8" instance=ExtResource("3_xr4w2")]
transform = Transform3D(0.898246, 0.00835857, -0.439413, -0.00991405, 0.99995, -0.00124506, 0.439381, 0.00547474, 0.898284, 17.2802, -0.106759, 5.76913)

[node name="TreeStyleA3" parent="Island/Environment/SectionPlaza" index="9" instance=ExtResource("3_xr4w2")]
transform = Transform3D(0.430291, 0.0121539, 0.902608, -0.0172473, 0.999838, -0.00524095, -0.902525, -0.0133124, 0.430431, 21.0766, -0.210253, -16.4933)

[node name="TreeStyleA2" parent="Island/Environment/SectionPlaza" index="10" instance=ExtResource("3_xr4w2")]
transform = Transform3D(-0.773673, -0.0175261, -0.633343, 0.000675786, 0.999594, -0.0284866, 0.633585, -0.0224673, -0.773347, -28.1712, -0.528032, -29.3353)

[node name="BushB" parent="Island/Environment/SectionPlaza" index="11" instance=ExtResource("8_mp20m")]
transform = Transform3D(-0.152469, 0.00876289, -0.988269, -0.00384451, 0.999948, 0.00945956, 0.988301, 0.00524171, -0.152427, 14.6285, -0.0817933, 5.36997)

[node name="BushB3" parent="Island/Environment/SectionPlaza" index="12" instance=ExtResource("8_mp20m")]
transform = Transform3D(-0.989946, -0.0153439, -0.140609, -0.0139969, 0.999846, -0.0105636, 0.140749, -0.00848924, -0.990009, -25.1525, -0.202291, -11.9313)

[node name="BushB4" parent="Island/Environment/SectionPlaza" index="13" instance=ExtResource("8_mp20m")]
transform = Transform3D(-0.614708, -0.0156224, 0.7886, -0.0197396, 0.999795, 0.00441934, -0.788507, -0.01285, -0.614891, -18.8151, -0.237612, -22.0744)

[node name="BushB2" parent="Island/Environment/SectionPlaza" index="14" instance=ExtResource("8_mp20m")]
transform = Transform3D(0.982716, 0.00876289, 0.184912, -0.00764232, 0.999948, -0.0067719, -0.184962, 0.00524171, 0.982732, 17.2494, -0.120116, 8.29906)

[node name="BushB6" parent="Island/Environment/SectionPlaza" index="15" instance=ExtResource("8_mp20m")]
transform = Transform3D(0.416203, 0.00546081, -0.909255, -0.00238382, 0.999985, 0.00491454, 0.909268, 0.000122081, 0.41621, 12.4181, -0.0486393, -1.51824)

[node name="BushB5" parent="Island/Environment/SectionPlaza" index="16" instance=ExtResource("8_mp20m")]
transform = Transform3D(0.982716, 0.00876289, 0.184912, -0.00764232, 0.999948, -0.0067719, -0.184962, 0.00524171, 0.982732, 17.2494, -0.120115, 8.29907)

[node name="House" parent="Island/Environment/SectionPlaza" index="17" instance=ExtResource("4_434ex")]
transform = Transform3D(0.486538, -0.0138553, 0.873549, -0.00591453, 0.999799, 0.0191519, -0.873639, -0.0144848, 0.486358, -26.9579, -0.311311, -19.3346)

[node name="House2" parent="Island/Environment/SectionPlaza" index="18" instance=ExtResource("4_434ex")]
transform = Transform3D(-0.473073, -0.00960063, 0.880971, 0.000695387, 0.999936, 0.0112705, -0.881023, 0.00594438, -0.473036, -14.1572, -0.0560498, 5.97348)

[node name="TreeStyleB2" parent="Island/Environment/SectionPlaza" index="19" instance=ExtResource("4_5hwhy")]
transform = Transform3D(0.941419, -0.00631796, 0.337179, 0.00868411, 0.999947, -0.00550973, -0.337127, 0.00811508, 0.941424, -14.1361, -0.134899, 17.9304)

[node name="TreeStyleB4" parent="Island/Environment/SectionPlaza" index="20" instance=ExtResource("4_5hwhy")]
transform = Transform3D(-0.73651, -0.0106836, 0.676342, -0.00814902, 0.999943, 0.00692124, -0.676377, -0.000413954, -0.736555, -24.2993, -0.137146, -1.26516)

[node name="TreeStyleB5" parent="Island/Environment/SectionPlaza" index="21" instance=ExtResource("4_5hwhy")]
transform = Transform3D(-0.917558, -0.00330869, 0.397587, -0.00222568, 0.999993, 0.00318543, -0.397594, 0.00203794, -0.917559, -6.17888, -0.0478868, 13.2122)

[node name="BushC" parent="Island/Environment/SectionPlaza" index="22" instance=ExtResource("8_is0i6")]
transform = Transform3D(0.997263, -0.00474887, 0.0737898, 0.00540132, 0.999948, -0.00864498, -0.0737449, 0.00901989, 0.997236, -14.6205, -0.1134, 14.9641)

[node name="BushC2" parent="Island/Environment/SectionPlaza" index="23" instance=ExtResource("8_is0i6")]
transform = Transform3D(0.242799, -0.00631933, 0.970056, 0.00788036, 0.999959, 0.00454172, -0.970045, 0.00654167, 0.242839, -12.606, -0.148835, 19.9791)

[node name="BushC3" parent="Island/Environment/SectionPlaza" index="24" instance=ExtResource("8_is0i6")]
transform = Transform3D(-0.948019, -0.00631796, 0.318151, -0.00340755, 0.999948, 0.0097036, -0.318195, 0.00811508, -0.947991, -11.5494, -0.106966, 16.5026)

[node name="BushC4" parent="Island/Environment/SectionPlaza" index="25" instance=ExtResource("8_is0i6")]
transform = Transform3D(-0.947961, -0.0106835, 0.318208, -0.0102599, 0.999943, 0.00300733, -0.318222, -0.000413947, -0.948016, -22.5823, -0.117733, 1.31255)

[node name="BushC5" parent="Island/Environment/SectionPlaza" index="26" instance=ExtResource("8_is0i6")]
transform = Transform3D(-0.284222, -0.0106836, 0.958699, -0.0034336, 0.999943, 0.0101252, -0.958752, -0.000413962, -0.284243, -21.2012, -0.104323, -1.94487)

